,ID,Latitude,Longitude
26235,AL011852,20.5,-67.1
26236,AL011852,20.7,-68.0
26237,AL011852,20.9,-68.8
26238,AL011852,21.1,-69.6
26239,AL011852,21.2,-70.6
26240,AL011852,21.5,-71.9
26241,AL011852,21.7,-73.0
26242,AL011852,21.9,-74.0
26243,AL011852,22.1,-74.9
26244,AL011852,22.2,-76.1
26245,AL011852,22.6,-77.1
26246,AL011852,22.9,-78.1
26247,AL011852,23.2,-79.3
26248,AL011852,23.5,-80.1
26249,AL011852,23.8,-81.1
26250,AL011852,24.2,-82.1
26251,AL011852,24.7,-83.1
26252,AL011852,25.2,-83.9
26253,AL011852,25.7,-84.6
26254,AL011852,26.2,-85.3
26255,AL011852,26.7,-86.0
26256,AL011852,27.2,-86.6
26257,AL011852,27.7,-87.1
26258,AL011852,28.2,-87.5
26259,AL011852,28.6,-87.8
26260,AL011852,28.8,-88.0
26261,AL011852,29.1,-88.2
26262,AL011852,29.4,-88.4
26263,AL011852,29.8,-88.6
26264,AL011852,30.2,-88.6
26265,AL011852,30.6,-88.5
26266,AL011852,31.2,-88.1
26267,AL011852,31.8,-87.4
26268,AL011852,32.3,-86.3
26269,AL011852,32.8,-84.8
26270,AL011852,33.2,-82.8
26271,AL011852,33.5,-80.5
26272,AL011852,33.8,-78.2
26273,AL011852,34.0,-76.0
26274,AL011852,34.4,-74.2
26275,AL011852,35.2,-72.8
26276,AL011852,36.4,-71.8
26277,AL011852,38.0,-70.8
26278,AL011852,39.6,-69.6
